[[121  81]
 [ 73 134]]
409
0.6234718826405868
Optimization terminated successfully.
         Current function value: 0.596294
         Iterations 9
                           Logit Regression Results
==============================================================================
Dep. Variable:                 result   No. Observations:                  409
Model:                          Logit   Df Residuals:                      357
Method:                           MLE   Df Model:                           51
Date:                Sat, 10 Dec 2022   Pseudo R-squ.:                  0.1396
Time:                        14:28:07   Log-Likelihood:                -243.88
converged:                       True   LL-Null:                       -283.47
Covariance Type:            nonrobust   LLR p-value:                  0.006961
==============================================================================
                 coef    std err          z      P>|z|      [0.025      0.975]
------------------------------------------------------------------------------
h_point%      -1.4076      1.424     -0.989      0.323      -4.198       1.383
h_cf%         -0.2562      0.168     -1.521      0.128      -0.586       0.074
h_ff%          0.0217      0.189      0.115      0.908      -0.349       0.392
h_sf%          0.3416      0.319      1.070      0.285      -0.284       0.968
h_gf%         -0.0188      0.106     -0.177      0.860      -0.227       0.189
h_xgf%        -0.0244      0.097     -0.251      0.801      -0.215       0.166
h_scf%         0.2781      0.112      2.477      0.013       0.058       0.498
h_scsf%        0.1997      0.424      0.471      0.638      -0.632       1.031
h_scgf%       -0.0643      0.114     -0.563      0.573      -0.288       0.159
h_scsh%       -0.5094      0.388     -1.312      0.190      -1.270       0.252
h_scsv%       -0.7384      0.363     -2.035      0.042      -1.449      -0.027
h_hdsf%       -0.2653      0.207     -1.284      0.199      -0.670       0.140
h_hdgf%        0.1251      0.053      2.358      0.018       0.021       0.229
h_hdsh%        0.0263      0.097      0.271      0.786      -0.164       0.216
h_hdsv%        0.0923      0.117      0.787      0.431      -0.138       0.322
h_mdsf%       -0.2464      0.207     -1.190      0.234      -0.652       0.159
h_mdgf%        0.0091      0.016      0.569      0.569      -0.022       0.041
h_mdsh%        0.1580      0.124      1.272      0.204      -0.086       0.401
h_mdsv%        0.2368      0.138      1.710      0.087      -0.035       0.508
h_ldsf%       -0.0274      0.089     -0.307      0.759      -0.202       0.148
h_ldgf%       -0.0048      0.009     -0.536      0.592      -0.023       0.013
h_ldsh%       -0.1204      0.239     -0.503      0.615      -0.590       0.349
h_ldsv%       -0.0582      0.214     -0.271      0.786      -0.479       0.362
h_sh%          5.6976      4.033      1.413      0.158      -2.206      13.601
h_sv%          5.9907      4.048      1.480      0.139      -1.943      13.925
h_PDO       -533.1112    397.523     -1.341      0.180   -1312.242     246.019
a_point%       0.5989      1.351      0.443      0.658      -2.049       3.247
a_cf%         -0.3025      0.172     -1.763      0.078      -0.639       0.034
a_ff%          0.0198      0.185      0.107      0.915      -0.342       0.382
a_sf%          0.2646      0.287      0.924      0.356      -0.297       0.826
a_gf%          0.1343      0.092      1.457      0.145      -0.046       0.315
a_xgf%        -0.0744      0.098     -0.760      0.447      -0.266       0.117
a_scf%         0.2908      0.112      2.602      0.009       0.072       0.510
a_scsf%        0.0380      0.563      0.068      0.946      -1.065       1.141
a_scgf%       -0.1470      0.102     -1.447      0.148      -0.346       0.052
a_scsh%       -0.6423      0.326     -1.971      0.049      -1.281      -0.003
a_scsv%       -0.1523      0.384     -0.397      0.692      -0.905       0.601
a_hdsf%       -0.1580      0.270     -0.586      0.558      -0.686       0.370
a_hdgf%       -0.0346      0.047     -0.733      0.464      -0.127       0.058
a_hdsh%        0.3113      0.151      2.058      0.040       0.015       0.608
a_hdsv%       -0.0283      0.127     -0.223      0.823      -0.277       0.220
a_mdsf%       -0.1771      0.269     -0.658      0.511      -0.705       0.351
a_mdgf%        0.0163      0.020      0.818      0.414      -0.023       0.055
a_mdsh%        0.2286      0.159      1.434      0.152      -0.084       0.541
a_mdsv%       -0.1363      0.161     -0.844      0.399      -0.453       0.180
a_ldsf%        0.0100      0.088      0.114      0.909      -0.162       0.182
a_ldgf%        0.0056      0.010      0.582      0.561      -0.013       0.024
a_ldsh%       -0.3292      0.201     -1.638      0.101      -0.723       0.065
a_ldsv%       -0.4925      0.206     -2.389      0.017      -0.897      -0.088
a_sh%         -0.3526      4.216     -0.084      0.933      -8.615       7.910
a_sv%         -0.0223      4.221     -0.005      0.996      -8.295       8.250
a_PDO         67.7520    418.879      0.162      0.872    -753.237     888.741
==============================================================================
                         Results: Logit
================================================================
Model:              Logit            Pseudo R-squared: 0.140
Dependent Variable: result           AIC:              591.7682
Date:               2022-12-10 14:28 BIC:              800.4813
No. Observations:   409              Log-Likelihood:   -243.88
Df Model:           51               LL-Null:          -283.47
Df Residuals:       357              LLR p-value:      0.0069610
Converged:          1.0000           Scale:            1.0000
No. Iterations:     9.0000
----------------------------------------------------------------
             Coef.   Std.Err.    z    P>|z|    [0.025    0.975]
----------------------------------------------------------------
h_point%     -1.4076   1.4239 -0.9886 0.3229    -4.1983   1.3831
h_cf%        -0.2562   0.1684 -1.5208 0.1283    -0.5863   0.0740
h_ff%         0.0217   0.1890  0.1151 0.9084    -0.3486   0.3921
h_sf%         0.3416   0.3194  1.0695 0.2848    -0.2844   0.9677
h_gf%        -0.0188   0.1062 -0.1767 0.8597    -0.2270   0.1894
h_xgf%       -0.0244   0.0971 -0.2514 0.8015    -0.2147   0.1659
h_scf%        0.2781   0.1123  2.4770 0.0132     0.0580   0.4981
h_scsf%       0.1997   0.4241  0.4708 0.6378    -0.6316   1.0310
h_scgf%      -0.0643   0.1142 -0.5635 0.5731    -0.2881   0.1594
h_scsh%      -0.5094   0.3883 -1.3118 0.1896    -1.2705   0.2517
h_scsv%      -0.7384   0.3628 -2.0353 0.0418    -1.4494  -0.0273
h_hdsf%      -0.2653   0.2066 -1.2841 0.1991    -0.6703   0.1397
h_hdgf%       0.1251   0.0530  2.3584 0.0184     0.0211   0.2290
h_hdsh%       0.0263   0.0968  0.2712 0.7862    -0.1635   0.2160
h_hdsv%       0.0923   0.1173  0.7871 0.4312    -0.1376   0.3222
h_mdsf%      -0.2464   0.2070 -1.1903 0.2339    -0.6520   0.1593
h_mdgf%       0.0091   0.0160  0.5693 0.5691    -0.0223   0.0405
h_mdsh%       0.1580   0.1242  1.2716 0.2035    -0.0855   0.4015
h_mdsv%       0.2368   0.1385  1.7102 0.0872    -0.0346   0.5082
h_ldsf%      -0.0274   0.0893 -0.3066 0.7591    -0.2023   0.1476
h_ldgf%      -0.0048   0.0090 -0.5359 0.5920    -0.0225   0.0129
h_ldsh%      -0.1204   0.2394 -0.5031 0.6149    -0.5897   0.3488
h_ldsv%      -0.0582   0.2145 -0.2713 0.7862    -0.4786   0.3622
h_sh%         5.6976   4.0325  1.4129 0.1577    -2.2060  13.6011
h_sv%         5.9907   4.0480  1.4799 0.1389    -1.9432  13.9245
h_PDO      -533.1112 397.5229 -1.3411 0.1799 -1312.2417 246.0193
a_point%      0.5989   1.3512  0.4432 0.6576    -2.0494   3.2471
a_cf%        -0.3025   0.1716 -1.7632 0.0779    -0.6388   0.0338
a_ff%         0.0198   0.1848  0.1070 0.9148    -0.3425   0.3820
a_sf%         0.2646   0.2865  0.9236 0.3557    -0.2969   0.8262
a_gf%         0.1343   0.0922  1.4572 0.1451    -0.0463   0.3149
a_xgf%       -0.0744   0.0979 -0.7601 0.4472    -0.2663   0.1175
a_scf%        0.2908   0.1117  2.6019 0.0093     0.0717   0.5098
a_scsf%       0.0380   0.5629  0.0675 0.9462    -1.0653   1.1413
a_scgf%      -0.1470   0.1016 -1.4467 0.1480    -0.3463   0.0522
a_scsh%      -0.6423   0.3259 -1.9705 0.0488    -1.2811  -0.0034
a_scsv%      -0.1523   0.3842 -0.3966 0.6917    -0.9053   0.6006
a_hdsf%      -0.1580   0.2696 -0.5860 0.5579    -0.6864   0.3704
a_hdgf%      -0.0346   0.0472 -0.7329 0.4636    -0.1270   0.0579
a_hdsh%       0.3113   0.1513  2.0581 0.0396     0.0148   0.6077
a_hdsv%      -0.0283   0.1267 -0.2234 0.8232    -0.2766   0.2200
a_mdsf%      -0.1771   0.2692 -0.6579 0.5106    -0.7048   0.3505
a_mdgf%       0.0163   0.0199  0.8175 0.4136    -0.0227   0.0552
a_mdsh%       0.2286   0.1594  1.4342 0.1515    -0.0838   0.5409
a_mdsv%      -0.1363   0.1614 -0.8443 0.3985    -0.4527   0.1801
a_ldsf%       0.0100   0.0878  0.1141 0.9091    -0.1621   0.1822
a_ldgf%       0.0056   0.0096  0.5820 0.5606    -0.0132   0.0243
a_ldsh%      -0.3292   0.2010 -1.6377 0.1015    -0.7231   0.0648
a_ldsv%      -0.4925   0.2062 -2.3891 0.0169    -0.8966  -0.0885
a_sh%        -0.3526   4.2158 -0.0836 0.9333    -8.6154   7.9103
a_sv%        -0.0223   4.2207 -0.0053 0.9958    -8.2948   8.2502
a_PDO        67.7520 418.8795  0.1617 0.8715  -753.2367 888.7406
================================================================
