339
0.616519174041298
Optimization terminated successfully.
         Current function value: 0.633360
         Iterations 7
                           Logit Regression Results
==============================================================================
Dep. Variable:                 result   No. Observations:                 1691
Model:                          Logit   Df Residuals:                     1641
Method:                           MLE   Df Model:                           49
Date:                Tue, 13 Dec 2022   Pseudo R-squ.:                 0.08459
Time:                        13:51:42   Log-Likelihood:                -1071.0
converged:                       True   LL-Null:                       -1170.0
Covariance Type:            nonrobust   LLR p-value:                 8.519e-20
==============================================================================
                 coef    std err          z      P>|z|      [0.025      0.975]
------------------------------------------------------------------------------
h_cf%          0.0232      0.082      0.285      0.776      -0.137       0.183
h_ff%         -0.0403      0.091     -0.446      0.656      -0.218       0.137
h_sf%          0.1194      0.155      0.768      0.442      -0.185       0.424
h_gf%         -0.0202      0.057     -0.358      0.721      -0.131       0.091
h_xgf%         0.0453      0.047      0.964      0.335      -0.047       0.137
h_scf%         0.0983      0.059      1.655      0.098      -0.018       0.215
h_scsf%        0.3704      0.260      1.426      0.154      -0.139       0.879
h_scgf%       -0.0007      0.062     -0.011      0.991      -0.122       0.121
h_scsh%       -0.3231      0.213     -1.517      0.129      -0.741       0.094
h_scsv%       -0.2386      0.210     -1.135      0.256      -0.651       0.173
h_hdsf%       -0.2491      0.122     -2.045      0.041      -0.488      -0.010
h_hdgf%        0.0421      0.023      1.829      0.067      -0.003       0.087
h_hdsh%        0.0781      0.069      1.134      0.257      -0.057       0.213
h_hdsv%        0.0433      0.067      0.647      0.518      -0.088       0.175
h_mdsf%       -0.2574      0.119     -2.171      0.030      -0.490      -0.025
h_mdgf%       -0.0045      0.011     -0.396      0.692      -0.027       0.018
h_mdsh%        0.1181      0.077      1.534      0.125      -0.033       0.269
h_mdsv%        0.0978      0.077      1.265      0.206      -0.054       0.249
h_ldsf%       -0.0410      0.051     -0.798      0.425      -0.142       0.060
h_ldgf%       -0.0020      0.005     -0.376      0.707      -0.013       0.009
h_ldsh%       -0.0922      0.129     -0.716      0.474      -0.345       0.160
h_ldsv%        0.0302      0.118      0.257      0.797      -0.201       0.261
h_sh%          3.3167      1.825      1.817      0.069      -0.261       6.894
h_sv%          3.2375      1.828      1.771      0.076      -0.345       6.820
h_PDO       -298.4889    179.727     -1.661      0.097    -650.747      53.769
a_cf%         -0.1260      0.081     -1.557      0.119      -0.285       0.033
a_ff%         -0.0322      0.094     -0.341      0.733      -0.217       0.153
a_sf%          0.0426      0.163      0.262      0.793      -0.276       0.362
a_gf%          0.0704      0.052      1.341      0.180      -0.032       0.173
a_xgf%         0.0099      0.047      0.212      0.832      -0.082       0.102
a_scf%         0.1091      0.057      1.927      0.054      -0.002       0.220
a_scsf%       -0.2196      0.282     -0.778      0.437      -0.773       0.334
a_scgf%       -0.1081      0.065     -1.652      0.099      -0.236       0.020
a_scsh%       -0.3644      0.189     -1.927      0.054      -0.735       0.006
a_scsv%       -0.5526      0.217     -2.545      0.011      -0.978      -0.127
a_hdsf%        0.0042      0.133      0.032      0.975      -0.256       0.264
a_hdgf%        0.0180      0.027      0.671      0.502      -0.035       0.071
a_hdsh%        0.0228      0.076      0.299      0.765      -0.127       0.172
a_hdsv%        0.0555      0.072      0.771      0.441      -0.086       0.197
a_mdsf%        0.0415      0.132      0.314      0.753      -0.217       0.300
a_mdgf%        0.0195      0.011      1.789      0.074      -0.002       0.041
a_mdsh%       -0.0177      0.082     -0.215      0.830      -0.178       0.143
a_mdsv%        0.0499      0.080      0.625      0.532      -0.107       0.206
a_ldsf%        0.0758      0.056      1.357      0.175      -0.034       0.185
a_ldgf%       -0.0013      0.006     -0.232      0.816      -0.012       0.010
a_ldsh%       -0.3240      0.117     -2.771      0.006      -0.553      -0.095
a_ldsv%       -0.4709      0.120     -3.928      0.000      -0.706      -0.236
a_sh%          3.7472      1.790      2.093      0.036       0.238       7.256
a_sv%          3.9122      1.792      2.183      0.029       0.400       7.424
a_PDO       -317.5106    177.310     -1.791      0.073    -665.032      30.011
==============================================================================
                         Results: Logit
=================================================================
Model:              Logit            Pseudo R-squared: 0.085
Dependent Variable: result           AIC:              2242.0246
Date:               2022-12-13 13:51 BIC:              2513.6784
No. Observations:   1691             Log-Likelihood:   -1071.0
Df Model:           49               LL-Null:          -1170.0
Df Residuals:       1641             LLR p-value:      8.5193e-20
Converged:          1.0000           Scale:            1.0000
No. Iterations:     7.0000
------------------------------------------------------------------
            Coef.    Std.Err.     z     P>|z|     [0.025    0.975]
------------------------------------------------------------------
h_cf%        0.0232    0.0815   0.2845  0.7760    -0.1366   0.1830
h_ff%       -0.0403    0.0905  -0.4456  0.6559    -0.2177   0.1371
h_sf%        0.1194    0.1554   0.7682  0.4424    -0.1852   0.4239
h_gf%       -0.0202    0.0566  -0.3576  0.7206    -0.1311   0.0906
h_xgf%       0.0453    0.0470   0.9641  0.3350    -0.0468   0.1374
h_scf%       0.0983    0.0594   1.6547  0.0980    -0.0181   0.2147
h_scsf%      0.3704    0.2597   1.4262  0.1538    -0.1386   0.8794
h_scgf%     -0.0007    0.0621  -0.0109  0.9913    -0.1225   0.1211
h_scsh%     -0.3231    0.2130  -1.5169  0.1293    -0.7405   0.0944
h_scsv%     -0.2386    0.2102  -1.1352  0.2563    -0.6506   0.1734
h_hdsf%     -0.2491    0.1218  -2.0454  0.0408    -0.4877  -0.0104
h_hdgf%      0.0421    0.0230   1.8290  0.0674    -0.0030   0.0872
h_hdsh%      0.0781    0.0689   1.1337  0.2569    -0.0569   0.2130
h_hdsv%      0.0433    0.0669   0.6470  0.5176    -0.0879   0.1745
h_mdsf%     -0.2574    0.1185  -2.1715  0.0299    -0.4898  -0.0251
h_mdgf%     -0.0045    0.0114  -0.3958  0.6922    -0.0269   0.0179
h_mdsh%      0.1181    0.0769   1.5343  0.1250    -0.0328   0.2689
h_mdsv%      0.0978    0.0773   1.2651  0.2058    -0.0537   0.2493
h_ldsf%     -0.0410    0.0514  -0.7975  0.4251    -0.1417   0.0597
h_ldgf%     -0.0020    0.0054  -0.3756  0.7072    -0.0126   0.0086
h_ldsh%     -0.0922    0.1289  -0.7155  0.4743    -0.3449   0.1604
h_ldsv%      0.0302    0.1178   0.2566  0.7975    -0.2007   0.2612
h_sh%        3.3167    1.8253   1.8171  0.0692    -0.2608   6.8942
h_sv%        3.2375    1.8276   1.7714  0.0765    -0.3446   6.8196
h_PDO     -298.4889  179.7269  -1.6608  0.0968  -650.7472  53.7695
a_cf%       -0.1260    0.0809  -1.5571  0.1194    -0.2845   0.0326
a_ff%       -0.0322    0.0945  -0.3409  0.7332    -0.2174   0.1529
a_sf%        0.0426    0.1628   0.2619  0.7934    -0.2764   0.3616
a_gf%        0.0704    0.0525   1.3412  0.1799    -0.0325   0.1732
a_xgf%       0.0099    0.0468   0.2121  0.8320    -0.0819   0.1017
a_scf%       0.1091    0.0566   1.9268  0.0540    -0.0019   0.2200
a_scsf%     -0.2196    0.2823  -0.7777  0.4367    -0.7729   0.3338
a_scgf%     -0.1081    0.0655  -1.6515  0.0986    -0.2365   0.0202
a_scsh%     -0.3644    0.1891  -1.9270  0.0540    -0.7351   0.0062
a_scsv%     -0.5526    0.2171  -2.5453  0.0109    -0.9782  -0.1271
a_hdsf%      0.0042    0.1327   0.0316  0.9748    -0.2559   0.2643
a_hdgf%      0.0180    0.0268   0.6706  0.5025    -0.0346   0.0705
a_hdsh%      0.0228    0.0762   0.2986  0.7652    -0.1266   0.1721
a_hdsv%      0.0555    0.0720   0.7708  0.4408    -0.0856   0.1965
a_mdsf%      0.0415    0.1319   0.3144  0.7532    -0.2170   0.3000
a_mdgf%      0.0195    0.0109   1.7894  0.0735    -0.0019   0.0408
a_mdsh%     -0.0177    0.0820  -0.2153  0.8295    -0.1785   0.1431
a_mdsv%      0.0499    0.0799   0.6248  0.5321    -0.1066   0.2064
a_ldsf%      0.0758    0.0558   1.3571  0.1747    -0.0337   0.1852
a_ldgf%     -0.0013    0.0055  -0.2322  0.8164    -0.0121   0.0095
a_ldsh%     -0.3240    0.1169  -2.7712  0.0056    -0.5532  -0.0949
a_ldsv%     -0.4709    0.1199  -3.9284  0.0001    -0.7059  -0.2360
a_sh%        3.7472    1.7904   2.0930  0.0364     0.2382   7.2563
a_sv%        3.9122    1.7917   2.1835  0.0290     0.4005   7.4239
a_PDO     -317.5106  177.3102  -1.7907  0.0733  -665.0322  30.0109
=================================================================