0.6194690265486725
Optimization terminated successfully.
         Current function value: 0.624466
         Iterations 7
                           Logit Regression Results
==============================================================================
Dep. Variable:                 result   No. Observations:                 1691
Model:                          Logit   Df Residuals:                     1639
Method:                           MLE   Df Model:                           51
Date:                Mon, 12 Dec 2022   Pseudo R-squ.:                 0.09744
Time:                        13:57:52   Log-Likelihood:                -1056.0
converged:                       True   LL-Null:                       -1170.0
Covariance Type:            nonrobust   LLR p-value:                 3.147e-24
==============================================================================
                 coef    std err          z      P>|z|      [0.025      0.975]
------------------------------------------------------------------------------
h_point%       2.9142      0.634      4.596      0.000       1.672       4.157
h_cf%          0.0730      0.082      0.887      0.375      -0.088       0.234
h_ff%         -0.0561      0.092     -0.611      0.542      -0.236       0.124
h_sf%          0.1135      0.156      0.726      0.468      -0.193       0.420
h_gf%         -0.0225      0.054     -0.417      0.677      -0.128       0.083
h_xgf%         0.0468      0.048      0.983      0.326      -0.046       0.140
h_scf%         0.0572      0.060      0.955      0.340      -0.060       0.175
h_scsf%        0.3461      0.267      1.297      0.195      -0.177       0.869
h_scgf%       -0.0259      0.059     -0.442      0.658      -0.141       0.089
h_scsh%       -0.3473      0.205     -1.693      0.091      -0.749       0.055
h_scsv%       -0.3530      0.206     -1.718      0.086      -0.756       0.050
h_hdsf%       -0.2417      0.129     -1.871      0.061      -0.495       0.011
h_hdgf%        0.0369      0.025      1.473      0.141      -0.012       0.086
h_hdsh%        0.0817      0.070      1.164      0.245      -0.056       0.219
h_hdsv%        0.0794      0.069      1.143      0.253      -0.057       0.215
h_mdsf%       -0.2407      0.123     -1.951      0.051      -0.482       0.001
h_mdgf%       -0.0031      0.012     -0.265      0.791      -0.026       0.020
h_mdsh%        0.1220      0.077      1.576      0.115      -0.030       0.274
h_mdsv%        0.1279      0.078      1.636      0.102      -0.025       0.281
h_ldsf%       -0.0424      0.052     -0.810      0.418      -0.145       0.060
h_ldgf%       -0.0029      0.005     -0.535      0.593      -0.014       0.008
h_ldsh%       -0.1050      0.129     -0.811      0.417      -0.358       0.149
h_ldsv%       -0.0183      0.119     -0.155      0.877      -0.251       0.214
h_sh%          3.3659      1.838      1.832      0.067      -0.236       6.968
h_sv%          3.3431      1.842      1.815      0.069      -0.266       6.952
h_PDO       -305.0165    181.376     -1.682      0.093    -660.507      50.474
a_point%      -1.6377      0.630     -2.600      0.009      -2.872      -0.403
a_cf%         -0.1617      0.083     -1.951      0.051      -0.324       0.001
a_ff%         -0.0139      0.095     -0.145      0.884      -0.201       0.173
a_sf%          0.1053      0.168      0.625      0.532      -0.225       0.435
a_gf%          0.0512      0.055      0.937      0.349      -0.056       0.158
a_xgf%         0.0191      0.047      0.404      0.686      -0.074       0.112
a_scf%         0.1240      0.058      2.154      0.031       0.011       0.237
a_scsf%       -0.3427      0.286     -1.198      0.231      -0.903       0.218
a_scgf%       -0.0885      0.066     -1.334      0.182      -0.218       0.042
a_scsh%       -0.4138      0.189     -2.192      0.028      -0.784      -0.044
a_scsv%       -0.6216      0.218     -2.846      0.004      -1.050      -0.194
a_hdsf%        0.0501      0.134      0.375      0.708      -0.212       0.312
a_hdgf%        0.0255      0.027      0.947      0.344      -0.027       0.078
a_hdsh%        0.0183      0.074      0.246      0.806      -0.128       0.164
a_hdsv%        0.0886      0.073      1.219      0.223      -0.054       0.231
a_mdsf%        0.0830      0.133      0.623      0.533      -0.178       0.344
a_mdgf%        0.0180      0.011      1.676      0.094      -0.003       0.039
a_mdsh%        0.0036      0.080      0.044      0.965      -0.154       0.161
a_mdsv%        0.0839      0.079      1.059      0.290      -0.071       0.239
a_ldsf%        0.0612      0.057      1.067      0.286      -0.051       0.174
a_ldgf%        0.0003      0.006      0.054      0.957      -0.011       0.011
a_ldsh%       -0.3663      0.117     -3.135      0.002      -0.595      -0.137
a_ldsv%       -0.4518      0.121     -3.729      0.000      -0.689      -0.214
a_sh%          3.9450      1.805      2.186      0.029       0.408       7.482
a_sv%          4.0248      1.806      2.229      0.026       0.485       7.564
a_PDO       -324.6783    178.750     -1.816      0.069    -675.022      25.666
==============================================================================
                         Results: Logit
=================================================================
Model:              Logit            Pseudo R-squared: 0.097
Dependent Variable: result           AIC:              2215.9439
Date:               2022-12-12 13:57 BIC:              2498.4639
No. Observations:   1691             Log-Likelihood:   -1056.0
Df Model:           51               LL-Null:          -1170.0
Df Residuals:       1639             LLR p-value:      3.1475e-24
Converged:          1.0000           Scale:            1.0000
No. Iterations:     7.0000
------------------------------------------------------------------
            Coef.    Std.Err.     z     P>|z|     [0.025    0.975]
------------------------------------------------------------------
h_point%     2.9142    0.6340   4.5963  0.0000     1.6715   4.1569
h_cf%        0.0730    0.0822   0.8873  0.3749    -0.0882   0.2342
h_ff%       -0.0561    0.0920  -0.6105  0.5415    -0.2364   0.1241
h_sf%        0.1135    0.1564   0.7259  0.4679    -0.1930   0.4200
h_gf%       -0.0225    0.0540  -0.4171  0.6766    -0.1283   0.0832
h_xgf%       0.0468    0.0476   0.9831  0.3255    -0.0465   0.1400
h_scf%       0.0572    0.0600   0.9546  0.3398    -0.0603   0.1748
h_scsf%      0.3461    0.2668   1.2973  0.1945    -0.1768   0.8690
h_scgf%     -0.0259    0.0586  -0.4421  0.6584    -0.1407   0.0889
h_scsh%     -0.3473    0.2052  -1.6926  0.0905    -0.7495   0.0549
h_scsv%     -0.3530    0.2055  -1.7178  0.0858    -0.7558   0.0498
h_hdsf%     -0.2417    0.1292  -1.8711  0.0613    -0.4949   0.0115
h_hdgf%      0.0369    0.0250   1.4734  0.1406    -0.0122   0.0859
h_hdsh%      0.0817    0.0702   1.1638  0.2445    -0.0559   0.2194
h_hdsv%      0.0794    0.0694   1.1430  0.2530    -0.0567   0.2155
h_mdsf%     -0.2407    0.1233  -1.9515  0.0510    -0.4824   0.0010
h_mdgf%     -0.0031    0.0115  -0.2651  0.7910    -0.0256   0.0195
h_mdsh%      0.1220    0.0774   1.5764  0.1149    -0.0297   0.2736
h_mdsv%      0.1279    0.0782   1.6359  0.1019    -0.0253   0.2811
h_ldsf%     -0.0424    0.0523  -0.8097  0.4181    -0.1450   0.0602
h_ldgf%     -0.0029    0.0055  -0.5352  0.5925    -0.0136   0.0078
h_ldsh%     -0.1050    0.1293  -0.8115  0.4171    -0.3585   0.1486
h_ldsv%     -0.0183    0.1186  -0.1546  0.8771    -0.2508   0.2141
h_sh%        3.3659    1.8378   1.8315  0.0670    -0.2360   6.9679
h_sv%        3.3431    1.8416   1.8154  0.0695    -0.2663   6.9525
h_PDO     -305.0165  181.3759  -1.6817  0.0926  -660.5066  50.4737
a_point%    -1.6377    0.6298  -2.6004  0.0093    -2.8722  -0.4033
a_cf%       -0.1617    0.0829  -1.9508  0.0511    -0.3241   0.0008
a_ff%       -0.0139    0.0952  -0.1455  0.8843    -0.2005   0.1728
a_sf%        0.1053    0.1684   0.6253  0.5318    -0.2248   0.4355
a_gf%        0.0512    0.0546   0.9370  0.3488    -0.0559   0.1582
a_xgf%       0.0191    0.0473   0.4041  0.6861    -0.0735   0.1117
a_scf%       0.1240    0.0575   2.1543  0.0312     0.0112   0.2367
a_scsf%     -0.3427    0.2861  -1.1978  0.2310    -0.9035   0.2181
a_scgf%     -0.0885    0.0663  -1.3342  0.1822    -0.2185   0.0415
a_scsh%     -0.4138    0.1888  -2.1921  0.0284    -0.7837  -0.0438
a_scsv%     -0.6216    0.2184  -2.8459  0.0044    -1.0497  -0.1935
a_hdsf%      0.0501    0.1336   0.3752  0.7075    -0.2118   0.3121
a_hdgf%      0.0255    0.0270   0.9465  0.3439    -0.0273   0.0784
a_hdsh%      0.0183    0.0744   0.2455  0.8061    -0.1276   0.1641
a_hdsv%      0.0886    0.0726   1.2193  0.2227    -0.0538   0.2309
a_mdsf%      0.0830    0.1333   0.6228  0.5334    -0.1782   0.3442
a_mdgf%      0.0180    0.0107   1.6765  0.0936    -0.0030   0.0391
a_mdsh%      0.0036    0.0803   0.0443  0.9647    -0.1539   0.1610
a_mdsv%      0.0839    0.0792   1.0590  0.2896    -0.0714   0.2391
a_ldsf%      0.0612    0.0574   1.0665  0.2862    -0.0513   0.1737
a_ldgf%      0.0003    0.0056   0.0536  0.9572    -0.0107   0.0113
a_ldsh%     -0.3663    0.1168  -3.1353  0.0017    -0.5952  -0.1373
a_ldsv%     -0.4518    0.1212  -3.7295  0.0002    -0.6893  -0.2144
a_sh%        3.9450    1.8049   2.1858  0.0288     0.4076   7.4825
a_sv%        4.0248    1.8058   2.2288  0.0258     0.4855   7.5641
a_PDO     -324.6783  178.7502  -1.8164  0.0693  -675.0223  25.6657
=================================================================